719
515
469
566
77
495
363
927
594
505
199
69
524
822
239
820
845
647
647
598
985
690
675
869
445
296
642
769
530
717
717
57
114
297
297
321
500
500
554
801
553
183
87
87
108
351
896
896
887
697
614
152
988
988
726
244
991
678
630
559
559
559
928
2
314
240
399
679
1008
941
395
214
688
688
373
705
902
731
427
427
332
332
176
176
452
502
357
510
871
358
856
61
414
907
897
219
796
265
859
562
1012
943
3
361
304
983
983
539
539
5
953
953
181
147
481
264
755
353
718
579
725
721
308
78
713
272
739
75
540
430
192
919
587
324
914
184
56
56
528
262
624
269
499
649
853
46
879
669
360
440
949
847
280
973
618
873
600
635
492
333
846
703
36
375
307
972
854
369
369
55
417
416
876
838
827
541
283
591
383
365
648
121
654
82
740
130
212
671
285
41
558
1011
543
668
741
620
149
330
472
526
